"veg_type"	"x"	"y"	"z"	"leaf_area"	"nitro"
0	-10.67	6.64363637	145.77941666	0.00378663366906359	0.5
0	-10.67	7.10727274	146.24583332	0.000819825269322154	0.5
0	-10.67	7.10727274	146.71224998	0.0115983160189443	0.5
0	-10.67	7.57090911	146.24583332	0.000151307122622013	0.5
0	-10.67	8.03454548	145.77941666	0.000792812939448212	0.5
0	-10.67	8.03454548	146.24583332	0.00334743476133245	0.5
0	-10.67	8.03454548	146.71224998	0.0101597666706771	0.5
0	-10.67	8.03454548	147.17866664	0.000450769576831414	0.5
0	-10.67	8.49818185	145.313	0.0100313258977761	0.5
0	-10.67	8.49818185	146.24583332	0.0437788851419947	0.5
0	-10.67	8.49818185	146.71224998	0.0789634284154432	0.5
0	-10.67	8.49818185	147.17866664	0.0464512866449581	0.5
0	-10.67	8.49818185	147.6450833	0.0110955736194815	0.5
0	-10.67	8.96181822	145.313	9.28614942416662e-06	0.5
0	-10.67	8.96181822	146.24583332	0.0386107939636065	0.5
0	-10.67	8.96181822	146.71224998	0.0508508273289766	0.5
0	-10.67	8.96181822	147.17866664	0.0789276376071842	0.5
0	-10.67	8.96181822	147.6450833	0.0175089607039063	0.5
0	-10.67	8.96181822	148.11149996	4.24116847276858e-05	0.5
0	-10.67	9.42545459	146.71224998	0.0117002944389304	0.5
0	-10.67	9.42545459	147.17866664	0.0017070438690894	0.5
0	-10.67	9.42545459	147.6450833	0.00291170493903539	0.5
0	-10.67	9.88909096	146.71224998	0.00119721522803868	0.5
0	-10.67	9.88909096	147.17866664	0.00837974508971209	0.5
0	-10.67	9.88909096	147.6450833	0.000274755796971527	0.5
0	-10.67	10.35272733	147.17866664	0.00432704949022215	0.5
0	-10.18090908	6.18	146.24583332	0.00645780830034909	0.5
0	-10.18090908	6.18	146.71224998	0.00572358906000098	0.5
0	-10.18090908	6.64363637	145.77941666	0.0448445289590577	0.5
0	-10.18090908	6.64363637	146.24583332	0.0877142175758826	0.5
0	-10.18090908	6.64363637	146.71224998	0.0832539890497275	0.5
0	-10.18090908	6.64363637	147.17866664	0.00062075476310158	0.5
0	-10.18090908	7.10727274	145.77941666	0.00152718025051608	0.5
0	-10.18090908	7.10727274	146.24583332	0.146785635123803	0.5
0	-10.18090908	7.10727274	146.71224998	0.129154431464265	0.5
0	-10.18090908	7.10727274	147.17866664	0.0448851849481084	0.5
0	-10.18090908	7.10727274	147.6450833	0.000208356655644741	0.5
0	-10.18090908	7.10727274	148.11149996	0.000756218318710608	0.5
0	-10.18090908	7.57090911	146.24583332	0.00211681900951071	0.5
0	-10.18090908	7.57090911	146.71224998	0.00437999534901188	0.5
0	-10.18090908	7.57090911	147.17866664	0.0107170837068468	0.5
0	-10.18090908	7.57090911	147.6450833	0.00889551771251267	0.5
0	-10.18090908	7.57090911	148.11149996	0.0725765459898531	0.5
0	-10.18090908	7.57090911	148.57791662	0.0257926502024222	0.5
0	-10.18090908	8.03454548	145.77941666	0.00578620182149422	0.5
0	-10.18090908	8.03454548	146.24583332	0.0415877980900506	0.5
0	-10.18090908	8.03454548	146.71224998	0.0274494980975171	0.5
0	-10.18090908	8.03454548	147.17866664	0.0497234380217789	0.5
0	-10.18090908	8.03454548	147.6450833	0.0375515594934126	0.5
0	-10.18090908	8.03454548	148.11149996	0.0695406943287894	0.5
0	-10.18090908	8.03454548	148.57791662	0.0163052726701186	0.5
0	-10.18090908	8.49818185	145.313	0.00435827125912892	0.5
0	-10.18090908	8.49818185	145.77941666	0.0140930749641306	0.5
0	-10.18090908	8.49818185	146.24583332	0.305840621615486	0.5
0	-10.18090908	8.49818185	146.71224998	0.237777080786897	0.5
0	-10.18090908	8.49818185	147.17866664	0.0743844894779705	0.5
0	-10.18090908	8.49818185	147.6450833	0.0958160550775885	0.5
0	-10.18090908	8.49818185	148.11149996	0.0425614476842305	0.5
0	-10.18090908	8.49818185	148.57791662	0.00707572856681551	0.5
0	-10.18090908	8.49818185	149.04433328	0.000659105079516191	0.5
0	-10.18090908	8.96181822	145.77941666	0.00934013177799458	0.5
0	-10.18090908	8.96181822	146.24583332	0.0535501565499741	0.5
0	-10.18090908	8.96181822	146.71224998	0.0844502312416079	0.5
0	-10.18090908	8.96181822	147.17866664	0.118413614136338	0.5
0	-10.18090908	8.96181822	147.6450833	0.0456146870783845	0.5
0	-10.18090908	8.96181822	148.11149996	0.0195909196353964	0.5
0	-10.18090908	8.96181822	149.04433328	7.60237381103755e-05	0.5
0	-10.18090908	9.42545459	145.77941666	4.47596632836824e-05	0.5
0	-10.18090908	9.42545459	146.24583332	0.00827332454813354	0.5
0	-10.18090908	9.42545459	146.71224998	0.00753973989658434	0.5
0	-10.18090908	9.42545459	147.17866664	0.0124231968456978	0.5
0	-10.18090908	9.42545459	147.6450833	0.00999447744151889	0.5
0	-10.18090908	9.42545459	148.11149996	0.0248850613022096	0.5
0	-10.18090908	9.88909096	145.77941666	0.00180339560172511	0.5
0	-10.18090908	9.88909096	146.24583332	0.0159909608380146	0.5
0	-10.18090908	9.88909096	146.71224998	0.0221309882208255	0.5
0	-10.18090908	9.88909096	147.17866664	0.0373004738586407	0.5
0	-10.18090908	9.88909096	147.6450833	0.0223643899810675	0.5
0	-10.18090908	10.35272733	145.77941666	0.000144792010953122	0.5
0	-10.18090908	10.35272733	146.24583332	0.00919853386399601	0.5
0	-10.18090908	10.35272733	146.71224998	0.00690018015207483	0.5
0	-10.18090908	10.35272733	147.17866664	0.00796616241649727	0.5
0	-10.18090908	10.8163637	146.24583332	0.000412525025216623	0.5
0	-10.18090908	10.8163637	146.71224998	3.33370649031585e-05	0.5
0	-9.69181816	6.18	145.77941666	1.74723449302087e-05	0.5
0	-9.69181816	6.18	146.24583332	0.0548627400216561	0.5
0	-9.69181816	6.18	146.71224998	0.0267420373515234	0.5
0	-9.69181816	6.18	147.17866664	0.00850450524757937	0.5
0	-9.69181816	6.64363637	145.77941666	0.0449756138519542	0.5
0	-9.69181816	6.64363637	146.24583332	0.265296679793735	0.5
0	-9.69181816	6.64363637	146.71224998	0.182691642402741	0.5
0	-9.69181816	6.64363637	147.17866664	0.0711974787650045	0.5
0	-9.69181816	6.64363637	147.6450833	0.0300368223955056	0.5
0	-9.69181816	6.64363637	148.11149996	8.39772510568143e-06	0.5
0	-9.69181816	7.10727274	145.77941666	0.0808282099069836	0.5
0	-9.69181816	7.10727274	146.24583332	0.311054551258115	0.5
0	-9.69181816	7.10727274	146.71224998	0.0866983889795346	0.5
0	-9.69181816	7.10727274	147.17866664	0.0902844079763003	0.5
0	-9.69181816	7.10727274	147.6450833	0.0426498670568797	0.5
0	-9.69181816	7.10727274	148.11149996	0.0949435589379562	0.5
0	-9.69181816	7.10727274	148.57791662	0.0131469665238237	0.5
0	-9.69181816	7.57090911	145.77941666	0.0727406506532533	0.5
0	-9.69181816	7.57090911	146.24583332	0.0295540060843289	0.5
0	-9.69181816	7.57090911	146.71224998	0.0175312559237083	0.5
0	-9.69181816	7.57090911	147.17866664	0.0604727376866508	0.5
0	-9.69181816	7.57090911	147.6450833	0.0796463517278787	0.5
0	-9.69181816	7.57090911	148.11149996	0.101457676417729	0.5
0	-9.69181816	7.57090911	148.57791662	0.0910112871395409	0.5
0	-9.69181816	7.57090911	149.04433328	0.0154635752401938	0.5
0	-9.69181816	8.03454548	145.77941666	0.0135871807736331	0.5
0	-9.69181816	8.03454548	146.24583332	0.0839514021397384	0.5
0	-9.69181816	8.03454548	146.71224998	0.0387730794724498	0.5
0	-9.69181816	8.03454548	147.17866664	0.055765442588117	0.5
0	-9.69181816	8.03454548	147.6450833	0.0354255177933576	0.5
0	-9.69181816	8.03454548	148.11149996	0.0602973373426298	0.5
0	-9.69181816	8.03454548	148.57791662	0.0603498812951803	0.5
0	-9.69181816	8.03454548	149.04433328	0.00942531474776934	0.5
0	-9.69181816	8.03454548	149.51074994	0.00402866583697091	0.5
0	-9.69181816	8.49818185	145.77941666	0.0108743771171386	0.5
0	-9.69181816	8.49818185	146.24583332	0.195859338827329	0.5
0	-9.69181816	8.49818185	146.71224998	0.107378241840914	0.5
0	-9.69181816	8.49818185	147.17866664	0.0571001309029612	0.5
0	-9.69181816	8.49818185	147.6450833	0.0212959539732893	0.5
0	-9.69181816	8.49818185	148.11149996	0.00796212220114416	0.5
0	-9.69181816	8.49818185	148.57791662	0.0107542283045435	0.5
0	-9.69181816	8.49818185	149.04433328	0.0241721219395852	0.5
0	-9.69181816	8.49818185	149.51074994	0.00992761293507289	0.5
0	-9.69181816	8.49818185	149.9771666	0.00158097222770436	0.5
0	-9.69181816	8.96181822	145.77941666	0.0211662863287104	0.5
0	-9.69181816	8.96181822	146.24583332	0.0576309644332561	0.5
0	-9.69181816	8.96181822	146.71224998	0.0879107708798675	0.5
0	-9.69181816	8.96181822	147.17866664	0.0640226062748381	0.5
0	-9.69181816	8.96181822	147.6450833	0.0280591687095976	0.5
0	-9.69181816	8.96181822	148.11149996	0.00216576695886725	0.5
0	-9.69181816	8.96181822	148.57791662	0.00985326028079967	0.5
0	-9.69181816	8.96181822	149.04433328	0.00183248092167552	0.5
0	-9.69181816	8.96181822	149.51074994	0.00479962776877638	0.5
0	-9.69181816	8.96181822	149.9771666	0.00290053617617443	0.5
0	-9.69181816	9.42545459	145.77941666	0.0511941187162313	0.5
0	-9.69181816	9.42545459	146.24583332	0.0259724926680355	0.5
0	-9.69181816	9.42545459	146.71224998	0.0427598624486922	0.5
0	-9.69181816	9.42545459	147.17866664	0.0273646747280618	0.5
0	-9.69181816	9.42545459	147.6450833	0.0269098437829173	0.5
0	-9.69181816	9.42545459	148.11149996	0.0369051673428347	0.5
0	-9.69181816	9.42545459	148.57791662	0.00541005988741556	0.5
0	-9.69181816	9.42545459	149.04433328	0.000507734498014286	0.5
0	-9.69181816	9.42545459	149.51074994	0.000864436861886089	0.5
0	-9.69181816	9.88909096	145.77941666	0.104027464911908	0.5
0	-9.69181816	9.88909096	146.24583332	0.134825434265795	0.5
0	-9.69181816	9.88909096	146.71224998	0.0150510713679371	0.5
0	-9.69181816	9.88909096	147.17866664	0.0675133523399262	0.5
0	-9.69181816	9.88909096	147.6450833	0.057443972267175	0.5
0	-9.69181816	9.88909096	148.11149996	0.00184519385061385	0.5
0	-9.69181816	10.35272733	145.77941666	0.0185529861958862	0.5
0	-9.69181816	10.35272733	146.24583332	0.226631522723021	0.5
0	-9.69181816	10.35272733	146.71224998	0.0930290045316206	0.5
0	-9.69181816	10.35272733	147.17866664	0.00582920578910089	0.5
0	-9.69181816	10.35272733	147.6450833	0.00138490544179866	0.5
0	-9.69181816	10.8163637	145.77941666	0.00103759499215085	0.5
0	-9.69181816	10.8163637	146.24583332	0.0246911732711802	0.5
0	-9.69181816	10.8163637	146.71224998	0.13916851769967	0.5
0	-9.69181816	10.8163637	147.17866664	0.00184692839333089	0.5
0	-9.20272724	6.18	146.24583332	0.00467057356003642	0.5
0	-9.20272724	6.18	146.71224998	0.0774457246909909	0.5
0	-9.20272724	6.18	147.17866664	0.102526281649187	0.5
0	-9.20272724	6.18	147.6450833	0.00852273909906828	0.5
0	-9.20272724	6.64363637	145.77941666	0.00345436297395013	0.5
0	-9.20272724	6.64363637	146.24583332	0.0383570219029192	0.5
0	-9.20272724	6.64363637	146.71224998	0.400411253869278	0.5
0	-9.20272724	6.64363637	147.17866664	0.204408921032592	0.5
0	-9.20272724	6.64363637	147.6450833	0.0346508329405985	0.5
0	-9.20272724	6.64363637	148.11149996	0.0138064523566193	0.5
0	-9.20272724	7.10727274	145.77941666	0.045238460532466	0.5
0	-9.20272724	7.10727274	146.24583332	0.0906578846374235	0.5
0	-9.20272724	7.10727274	146.71224998	0.106200825783402	0.5
0	-9.20272724	7.10727274	147.17866664	0.018974797370527	0.5
0	-9.20272724	7.10727274	147.6450833	0.0917240572784856	0.5
0	-9.20272724	7.10727274	148.11149996	0.14747907145734	0.5
0	-9.20272724	7.10727274	148.57791662	0.0529516758537146	0.5
0	-9.20272724	7.10727274	149.04433328	0.000607153409844771	0.5
0	-9.20272724	7.57090911	145.77941666	0.120744141500365	0.5
0	-9.20272724	7.57090911	146.24583332	0.0875576856721495	0.5
0	-9.20272724	7.57090911	146.71224998	0.0112420578672317	0.5
0	-9.20272724	7.57090911	147.17866664	0.0188260709090206	0.5
0	-9.20272724	7.57090911	147.6450833	0.0267466698497555	0.5
0	-9.20272724	7.57090911	148.11149996	0.118668486150944	0.5
0	-9.20272724	7.57090911	148.57791662	0.102795368452888	0.5
0	-9.20272724	7.57090911	149.04433328	0.112652161278002	0.5
0	-9.20272724	7.57090911	149.51074994	0.0127326223440502	0.5
0	-9.20272724	8.03454548	145.77941666	0.0931266254418542	0.5
0	-9.20272724	8.03454548	146.24583332	0.0610615937861267	0.5
0	-9.20272724	8.03454548	146.71224998	0.0273947753900905	0.5
0	-9.20272724	8.03454548	147.17866664	0.00793455989431115	0.5
0	-9.20272724	8.03454548	147.6450833	0.0195936060613119	0.5
0	-9.20272724	8.03454548	148.11149996	0.0223900696744637	0.5
0	-9.20272724	8.03454548	148.57791662	0.00771120579005199	0.5
0	-9.20272724	8.03454548	149.04433328	0.00685743001998772	0.5
0	-9.20272724	8.03454548	149.51074994	0.0325756641092568	0.5
0	-9.20272724	8.03454548	149.9771666	0.00197661719086976	0.5
0	-9.20272724	8.03454548	150.44358326	0.00272752611662942	0.5
0	-9.20272724	8.49818185	145.77941666	0.0412400434282435	0.5
0	-9.20272724	8.49818185	146.24583332	0.119475175432128	0.5
0	-9.20272724	8.49818185	146.71224998	0.0265876630497066	0.5
0	-9.20272724	8.49818185	147.17866664	0.0012690506800762	0.5
0	-9.20272724	8.49818185	147.6450833	0.0103605294136947	0.5
0	-9.20272724	8.49818185	148.11149996	0.000337664699904264	0.5
0	-9.20272724	8.49818185	148.57791662	0.000343650987574057	0.5
0	-9.20272724	8.49818185	149.04433328	0.00311426568365001	0.5
0	-9.20272724	8.49818185	149.51074994	0.0221110198266195	0.5
0	-9.20272724	8.49818185	149.9771666	0.0691622467220747	0.5
0	-9.20272724	8.49818185	150.44358326	0.0382044032967795	0.5
0	-9.20272724	8.96181822	145.77941666	0.101002316648586	0.5
0	-9.20272724	8.96181822	146.24583332	0.060405132826606	0.5
0	-9.20272724	8.96181822	146.71224998	0.0407880469797342	0.5
0	-9.20272724	8.96181822	147.17866664	0.00113741581022065	0.5
0	-9.20272724	8.96181822	147.6450833	0.00322880896185471	0.5
0	-9.20272724	8.96181822	148.57791662	3.50716076202011e-05	0.5
0	-9.20272724	8.96181822	149.04433328	0.00284395200827091	0.5
0	-9.20272724	8.96181822	149.51074994	0.00964574974355348	0.5
0	-9.20272724	8.96181822	149.9771666	0.0218980518257027	0.5
0	-9.20272724	8.96181822	150.44358326	0.00876257135913935	0.5
0	-9.20272724	9.42545459	145.313	0.0294092775322556	0.5
0	-9.20272724	9.42545459	145.77941666	0.233075243152034	0.5
0	-9.20272724	9.42545459	146.24583332	0.133349867237591	0.5
0	-9.20272724	9.42545459	146.71224998	0.0579888936688059	0.5
0	-9.20272724	9.42545459	147.17866664	0.0476354293437391	0.5
0	-9.20272724	9.42545459	147.6450833	0.0432589665390412	0.5
0	-9.20272724	9.42545459	148.11149996	0.00914186508425264	0.5
0	-9.20272724	9.42545459	148.57791662	0.018547232590776	0.5
0	-9.20272724	9.42545459	149.04433328	0.0606650603986428	0.5
0	-9.20272724	9.42545459	149.51074994	0.0544834039906229	0.5
0	-9.20272724	9.42545459	149.9771666	0.0804242518305524	0.5
0	-9.20272724	9.42545459	150.44358326	0.000144368951753843	0.5
0	-9.20272724	9.88909096	145.77941666	0.0821362666452333	0.5
0	-9.20272724	9.88909096	146.24583332	0.174169918645751	0.5
0	-9.20272724	9.88909096	146.71224998	0.0322329226989612	0.5
0	-9.20272724	9.88909096	147.17866664	0.156490549696375	0.5
0	-9.20272724	9.88909096	147.6450833	0.0979395584224479	0.5
0	-9.20272724	9.88909096	148.11149996	0.0615315914035654	0.5
0	-9.20272724	9.88909096	148.57791662	0.0065232555584775	0.5
0	-9.20272724	9.88909096	149.04433328	0.0399581317485093	0.5
0	-9.20272724	9.88909096	149.51074994	0.0159671426050952	0.5
0	-9.20272724	10.35272733	145.77941666	0.0133745300671157	0.5
0	-9.20272724	10.35272733	146.24583332	0.203295154231611	0.5
0	-9.20272724	10.35272733	146.71224998	0.0850279397311828	0.5
0	-9.20272724	10.35272733	147.17866664	0.0520849756251124	0.5
0	-9.20272724	10.35272733	147.6450833	0.0150045348560165	0.5
0	-9.20272724	10.35272733	148.11149996	0.0201740221297622	0.5
0	-9.20272724	10.35272733	148.57791662	0.00373387818691354	0.5
0	-9.20272724	10.8163637	146.24583332	0.000299377842369545	0.5
0	-9.20272724	10.8163637	146.71224998	0.0113592452654319	0.5
0	-9.20272724	10.8163637	147.17866664	0.0024163449226	0.5
0	-8.71363632	6.18	146.71224998	0.0651670660207267	0.5
0	-8.71363632	6.18	147.17866664	0.0243177600689369	0.5
0	-8.71363632	6.18	147.6450833	0.0303219219898995	0.5
0	-8.71363632	6.18	148.11149996	8.65156062524863e-06	0.5
0	-8.71363632	6.64363637	145.313	0.00329057560494939	0.5
0	-8.71363632	6.64363637	145.77941666	0.000294216520138345	0.5
0	-8.71363632	6.64363637	146.24583332	0.00828151074363959	0.5
0	-8.71363632	6.64363637	146.71224998	0.105794160128095	0.5
0	-8.71363632	6.64363637	147.17866664	0.167694955294871	0.5
0	-8.71363632	6.64363637	147.6450833	0.143347073410946	0.5
0	-8.71363632	6.64363637	148.11149996	0.0777162287430097	0.5
0	-8.71363632	6.64363637	148.57791662	0.0158093626767242	0.5
0	-8.71363632	7.10727274	145.313	0.0395580869696714	0.5
0	-8.71363632	7.10727274	145.77941666	0.0464416832011345	0.5
0	-8.71363632	7.10727274	146.24583332	0.0453574247793032	0.5
0	-8.71363632	7.10727274	146.71224998	0.113316681515269	0.5
0	-8.71363632	7.10727274	147.17866664	0.046138730508531	0.5
0	-8.71363632	7.10727274	147.6450833	0.0408912945773182	0.5
0	-8.71363632	7.10727274	148.11149996	0.11312266656648	0.5
0	-8.71363632	7.10727274	148.57791662	0.130087784669713	0.5
0	-8.71363632	7.10727274	149.04433328	0.0287836364354024	0.5
0	-8.71363632	7.57090911	145.77941666	0.0265153622325499	0.5
0	-8.71363632	7.57090911	146.24583332	0.0496724382353059	0.5
0	-8.71363632	7.57090911	146.71224998	0.00780341154253477	0.5
0	-8.71363632	7.57090911	147.6450833	0.00851745085907729	0.5
0	-8.71363632	7.57090911	148.11149996	0.00981378885750697	0.5
0	-8.71363632	7.57090911	148.57791662	0.0541858241498503	0.5
0	-8.71363632	7.57090911	149.04433328	0.0743486986697115	0.5
0	-8.71363632	7.57090911	149.51074994	0.0377174198524898	0.5
0	-8.71363632	7.57090911	149.9771666	0.008194466313388	0.5
0	-8.71363632	8.03454548	145.313	0.013817155754361	0.5
0	-8.71363632	8.03454548	145.77941666	0.0110394125107772	0.5
0	-8.71363632	8.03454548	146.24583332	0.0369251145840807	0.5
0	-8.71363632	8.03454548	146.71224998	0.0111283607074256	0.5
0	-8.71363632	8.03454548	147.17866664	0.000178298299535992	0.5
0	-8.71363632	8.03454548	148.11149996	0.00199013393228672	0.5
0	-8.71363632	8.03454548	148.57791662	0.00211834202262811	0.5
0	-8.71363632	8.03454548	149.04433328	0.0170705444556938	0.5
0	-8.71363632	8.03454548	149.51074994	0.0459244510240964	0.5
0	-8.71363632	8.03454548	149.9771666	0.155933296119085	0.5
0	-8.71363632	8.03454548	150.44358326	0.0477094647036128	0.5
0	-8.71363632	8.49818185	145.313	0.0417674078731043	0.5
0	-8.71363632	8.49818185	145.77941666	0.104443057116319	0.5
0	-8.71363632	8.49818185	146.24583332	0.0441196593270136	0.5
0	-8.71363632	8.49818185	146.71224998	0.0110958063020411	0.5
0	-8.71363632	8.49818185	147.17866664	0.0217622075168143	0.5
0	-8.71363632	8.49818185	148.11149996	0.0001743638489827	0.5
0	-8.71363632	8.49818185	148.57791662	0.00127410623750758	0.5
0	-8.71363632	8.49818185	149.04433328	0.000248779962135817	0.5
0	-8.71363632	8.49818185	149.51074994	0.00622123359611247	0.5
0	-8.71363632	8.49818185	149.9771666	0.0690163124512835	0.5
0	-8.71363632	8.49818185	150.44358326	0.124872099331406	0.5
0	-8.71363632	8.96181822	145.313	0.105988894277523	0.5
0	-8.71363632	8.96181822	145.77941666	0.126901260474827	0.5
0	-8.71363632	8.96181822	146.24583332	0.0598865045542103	0.5
0	-8.71363632	8.96181822	146.71224998	0.011959164362969	0.5
0	-8.71363632	8.96181822	147.17866664	0.00418430931638553	0.5
0	-8.71363632	8.96181822	147.6450833	0.000197674410862955	0.5
0	-8.71363632	8.96181822	148.11149996	0.00439245444243063	0.5
0	-8.71363632	8.96181822	148.57791662	0.00266781131065124	0.5
0	-8.71363632	8.96181822	149.04433328	0.00851499711572148	0.5
0	-8.71363632	8.96181822	149.51074994	0.019580047013975	0.5
0	-8.71363632	8.96181822	149.9771666	0.0554226165659815	0.5
0	-8.71363632	8.96181822	150.44358326	0.147043933917922	0.5
0	-8.71363632	9.42545459	145.313	0.0494594067755091	0.5
0	-8.71363632	9.42545459	145.77941666	0.0607345901780443	0.5
0	-8.71363632	9.42545459	146.24583332	0.0193207117248172	0.5
0	-8.71363632	9.42545459	146.71224998	0.0265613064615916	0.5
0	-8.71363632	9.42545459	147.17866664	0.117459615641965	0.5
0	-8.71363632	9.42545459	147.6450833	0.0361741210464812	0.5
0	-8.71363632	9.42545459	148.11149996	0.000453498308666761	0.5
0	-8.71363632	9.42545459	148.57791662	0.0525152691366987	0.5
0	-8.71363632	9.42545459	149.04433328	0.0708983547581545	0.5
0	-8.71363632	9.42545459	149.51074994	0.116620393108356	0.5
0	-8.71363632	9.42545459	149.9771666	0.054950186358147	0.5
0	-8.71363632	9.88909096	145.313	3.50081487403092e-05	0.5
0	-8.71363632	9.88909096	146.24583332	0.00257029616521751	0.5
0	-8.71363632	9.88909096	146.71224998	0.019843930189525	0.5
0	-8.71363632	9.88909096	147.17866664	0.105446828525488	0.5
0	-8.71363632	9.88909096	147.6450833	0.170605391056309	0.5
0	-8.71363632	9.88909096	148.11149996	0.0442920136447998	0.5
0	-8.71363632	9.88909096	148.57791662	0.0383195600108231	0.5
0	-8.71363632	9.88909096	149.04433328	0.0793264132084243	0.5
0	-8.71363632	9.88909096	149.51074994	0.0140464115344501	0.5
0	-8.71363632	9.88909096	149.9771666	0.0160769476202679	0.5
0	-8.71363632	10.35272733	146.24583332	0.00764163370473061	0.5
0	-8.71363632	10.35272733	146.71224998	0.00335519789763921	0.5
0	-8.71363632	10.35272733	147.17866664	0.0144338279961896	0.5
0	-8.71363632	10.35272733	147.6450833	0.114242144666651	0.5
0	-8.71363632	10.35272733	148.11149996	0.0734881116465389	0.5
0	-8.71363632	10.35272733	148.57791662	0.00171977795098769	0.5
0	-8.71363632	10.8163637	146.24583332	0.000529416281977317	0.5
0	-8.71363632	10.8163637	147.6450833	0.00267807049623375	0.5
0	-8.71363632	10.8163637	148.11149996	3.25967113044209e-05	0.5
0	-8.2245454	6.18	146.24583332	0.0239415969818983	0.5
0	-8.2245454	6.18	146.71224998	0.0284025024027722	0.5
0	-8.2245454	6.18	147.17866664	0.0226686964631087	0.5
0	-8.2245454	6.18	147.6450833	0.00528568048282763	0.5
0	-8.2245454	6.64363637	145.77941666	0.0145525595604671	0.5
0	-8.2245454	6.64363637	146.24583332	0.192557996365758	0.5
0	-8.2245454	6.64363637	146.71224998	0.175077169098604	0.5
0	-8.2245454	6.64363637	147.17866664	0.166468633593922	0.5
0	-8.2245454	6.64363637	147.6450833	0.137376946602565	0.5
0	-8.2245454	6.64363637	148.11149996	0.0364301564738847	0.5
0	-8.2245454	6.64363637	148.57791662	0.00452891218715796	0.5
0	-8.2245454	7.10727274	145.77941666	0.00220845363207447	0.5
0	-8.2245454	7.10727274	146.24583332	0.110174176630067	0.5
0	-8.2245454	7.10727274	146.71224998	0.0606250178454311	0.5
0	-8.2245454	7.10727274	147.17866664	0.0729476323665004	0.5
0	-8.2245454	7.10727274	147.6450833	0.0368417507688629	0.5
0	-8.2245454	7.10727274	148.11149996	0.0861827009685739	0.5
0	-8.2245454	7.10727274	148.57791662	0.0447973155524182	0.5
0	-8.2245454	7.10727274	149.04433328	0.0127185556256742	0.5
0	-8.2245454	7.57090911	145.77941666	0.0253576395807639	0.5
0	-8.2245454	7.57090911	146.24583332	0.126859589143698	0.5
0	-8.2245454	7.57090911	146.71224998	0.0188568484657681	0.5
0	-8.2245454	7.57090911	147.17866664	0.0361479759879658	0.5
0	-8.2245454	7.57090911	147.6450833	0.00234689975503841	0.5
0	-8.2245454	7.57090911	148.11149996	0.0131984739813359	0.5
0	-8.2245454	7.57090911	148.57791662	0.0461500896480316	0.5
0	-8.2245454	7.57090911	149.04433328	0.0975988688492688	0.5
0	-8.2245454	7.57090911	149.51074994	0.0506047549457162	0.5
0	-8.2245454	8.03454548	145.313	0.0479400108142597	0.5
0	-8.2245454	8.03454548	145.77941666	0.108424213405211	0.5
0	-8.2245454	8.03454548	146.24583332	0.0271767095258223	0.5
0	-8.2245454	8.03454548	146.71224998	0.0617357597731372	0.5
0	-8.2245454	8.03454548	147.17866664	0.0229609246050104	0.5
0	-8.2245454	8.03454548	148.57791662	0.0018439881318959	0.5
0	-8.2245454	8.03454548	149.04433328	0.019487968179252	0.5
0	-8.2245454	8.03454548	149.51074994	0.0547435853981793	0.5
0	-8.2245454	8.03454548	149.9771666	0.0103995566248282	0.5
0	-8.2245454	8.03454548	150.44358326	0.0339625156233721	0.5
0	-8.2245454	8.49818185	145.313	0.225463815874132	0.5
0	-8.2245454	8.49818185	145.77941666	0.212886985080216	0.5
0	-8.2245454	8.49818185	146.24583332	0.0893067816256472	0.5
0	-8.2245454	8.49818185	146.71224998	0.187963848450072	0.5
0	-8.2245454	8.49818185	147.17866664	0.0452388624387053	0.5
0	-8.2245454	8.49818185	148.57791662	0.000537412100843684	0.5
0	-8.2245454	8.49818185	149.04433328	0.00413318261215271	0.5
0	-8.2245454	8.49818185	149.51074994	0.0492504789899453	0.5
0	-8.2245454	8.49818185	149.9771666	0.0957278683874989	0.5
0	-8.2245454	8.49818185	150.44358326	0.0479233422818082	0.5
0	-8.2245454	8.96181822	145.313	0.454758834703972	0.5
0	-8.2245454	8.96181822	145.77941666	0.230311672391626	0.5
0	-8.2245454	8.96181822	146.24583332	0.127360237400124	0.5
0	-8.2245454	8.96181822	146.71224998	0.0290382757674482	0.5
0	-8.2245454	8.96181822	147.17866664	0.00566074361594813	0.5
0	-8.2245454	8.96181822	147.6450833	6.05820773367043e-05	0.5
0	-8.2245454	8.96181822	148.11149996	0.00154659866776297	0.5
0	-8.2245454	8.96181822	148.57791662	0.00477593645361677	0.5
0	-8.2245454	8.96181822	149.04433328	0.0373874971359323	0.5
0	-8.2245454	8.96181822	149.51074994	0.0671318375540167	0.5
0	-8.2245454	8.96181822	149.9771666	0.0976523223790976	0.5
0	-8.2245454	8.96181822	150.44358326	0.0217731435971156	0.5
0	-8.2245454	9.42545459	145.313	0.0588607552196393	0.5
0	-8.2245454	9.42545459	145.77941666	0.0364976344161696	0.5
0	-8.2245454	9.42545459	146.24583332	0.0132270727832071	0.5
0	-8.2245454	9.42545459	146.71224998	8.59021704135322e-05	0.5
0	-8.2245454	9.42545459	147.17866664	0.00472263099450766	0.5
0	-8.2245454	9.42545459	147.6450833	0.0129593609219036	0.5
0	-8.2245454	9.42545459	148.11149996	0.00847197199515484	0.5
0	-8.2245454	9.42545459	148.57791662	0.0624201637927703	0.5
0	-8.2245454	9.42545459	149.04433328	0.0668582663228031	0.5
0	-8.2245454	9.42545459	149.51074994	0.0775177505196681	0.5
0	-8.2245454	9.42545459	149.9771666	0.0113092396680771	0.5
0	-8.2245454	9.88909096	145.313	0.00142403841773194	0.5
0	-8.2245454	9.88909096	145.77941666	0.00570220341747744	0.5
0	-8.2245454	9.88909096	146.24583332	0.0320601241690158	0.5
0	-8.2245454	9.88909096	146.71224998	0.00976577163838884	0.5
0	-8.2245454	9.88909096	147.17866664	0.0814711329721274	0.5
0	-8.2245454	9.88909096	147.6450833	0.166578925127174	0.5
0	-8.2245454	9.88909096	148.11149996	0.0529065988960314	0.5
0	-8.2245454	9.88909096	148.57791662	0.0550036398879759	0.5
0	-8.2245454	9.88909096	149.04433328	0.0551448782016551	0.5
0	-8.2245454	10.35272733	145.77941666	0.000701495611283913	0.5
0	-8.2245454	10.35272733	146.24583332	0.000510568994649453	0.5
0	-8.2245454	10.35272733	146.71224998	0.00775765769013278	0.5
0	-8.2245454	10.35272733	147.17866664	0.00341730298809332	0.5
0	-8.2245454	10.35272733	147.6450833	0.0947538803459596	0.5
0	-8.2245454	10.35272733	148.11149996	0.0561865557150789	0.5
0	-8.2245454	10.35272733	148.57791662	7.81178811468049e-05	0.5
0	-8.2245454	10.35272733	149.04433328	1.56108844533826e-05	0.5
0	-8.2245454	10.8163637	146.24583332	0.0125610929917027	0.5
0	-8.2245454	10.8163637	146.71224998	0.00383718924337739	0.5
0	-8.2245454	10.8163637	147.6450833	5.35592946286786e-05	0.5
0	-8.2245454	10.8163637	148.11149996	1.41301772559073e-05	0.5
0	-7.73545448	6.18	146.24583332	0.0109708346145741	0.5
0	-7.73545448	6.18	146.71224998	0.134637088310277	0.5
0	-7.73545448	6.18	147.17866664	0.0350355206705026	0.5
0	-7.73545448	6.18	147.6450833	0.00610226934927531	0.5
0	-7.73545448	6.64363637	145.77941666	0.00904119814778428	0.5
0	-7.73545448	6.64363637	146.24583332	0.117137582979474	0.5
0	-7.73545448	6.64363637	146.71224998	0.257268158451264	0.5
0	-7.73545448	6.64363637	147.17866664	0.221283948679339	0.5
0	-7.73545448	6.64363637	147.6450833	0.107211069998319	0.5
0	-7.73545448	6.64363637	148.11149996	0.00190837774202611	0.5
0	-7.73545448	6.64363637	148.57791662	3.39081948221847e-05	0.5
0	-7.73545448	7.10727274	145.77941666	0.00452821413947915	0.5
0	-7.73545448	7.10727274	146.24583332	0.213699216436912	0.5
0	-7.73545448	7.10727274	146.71224998	0.0911704843162295	0.5
0	-7.73545448	7.10727274	147.17866664	0.134657225928162	0.5
0	-7.73545448	7.10727274	147.6450833	0.116368778649585	0.5
0	-7.73545448	7.10727274	148.11149996	0.0590601641732193	0.5
0	-7.73545448	7.10727274	148.57791662	0.0528350384324735	0.5
0	-7.73545448	7.57090911	145.77941666	0.0204206867959016	0.5
0	-7.73545448	7.57090911	146.24583332	0.149797562787147	0.5
0	-7.73545448	7.57090911	146.71224998	0.018494434802706	0.5
0	-7.73545448	7.57090911	147.17866664	0.0406124562590736	0.5
0	-7.73545448	7.57090911	147.6450833	0.0746154163418968	0.5
0	-7.73545448	7.57090911	148.11149996	0.0456928684184112	0.5
0	-7.73545448	7.57090911	148.57791662	0.0607946434313819	0.5
0	-7.73545448	7.57090911	149.04433328	0.0595835730145668	0.5
0	-7.73545448	7.57090911	149.51074994	0.00756871945173493	0.5
0	-7.73545448	8.03454548	145.313	0.0113408210373033	0.5
0	-7.73545448	8.03454548	145.77941666	0.0945619806931668	0.5
0	-7.73545448	8.03454548	146.24583332	0.0502604693693432	0.5
0	-7.73545448	8.03454548	146.71224998	0.0468469316081235	0.5
0	-7.73545448	8.03454548	147.17866664	0.032302219795803	0.5
0	-7.73545448	8.03454548	147.6450833	0.00805712014434218	0.5
0	-7.73545448	8.03454548	148.11149996	0.0121294456906787	0.5
0	-7.73545448	8.03454548	148.57791662	0.0508028947216984	0.5
0	-7.73545448	8.03454548	149.04433328	0.0851100555217628	0.5
0	-7.73545448	8.03454548	149.51074994	0.0696317366684742	0.5
0	-7.73545448	8.49818185	145.313	0.143647910807553	0.5
0	-7.73545448	8.49818185	145.77941666	0.17196518793463	0.5
0	-7.73545448	8.49818185	146.24583332	0.0919110705975267	0.5
0	-7.73545448	8.49818185	146.71224998	0.0086755057759278	0.5
0	-7.73545448	8.49818185	147.17866664	0.0119794712045344	0.5
0	-7.73545448	8.49818185	147.6450833	0.000430124287906615	0.5
0	-7.73545448	8.49818185	148.11149996	0.0107396116092084	0.5
0	-7.73545448	8.49818185	148.57791662	0.0511390998673651	0.5
0	-7.73545448	8.49818185	149.04433328	0.1008529979042	0.5
0	-7.73545448	8.49818185	149.51074994	0.0418528869843186	0.5
0	-7.73545448	8.49818185	149.9771666	0.0216553216101165	0.5
0	-7.73545448	8.96181822	145.313	0.133118030796387	0.5
0	-7.73545448	8.96181822	145.77941666	0.14549092590329	0.5
0	-7.73545448	8.96181822	146.24583332	0.0635747135005617	0.5
0	-7.73545448	8.96181822	146.71224998	0.048792009735687	0.5
0	-7.73545448	8.96181822	147.17866664	0.0117451387140539	0.5
0	-7.73545448	8.96181822	147.6450833	0.00263394542174898	0.5
0	-7.73545448	8.96181822	148.11149996	0.0493032133191354	0.5
0	-7.73545448	8.96181822	148.57791662	0.0833207689443337	0.5
0	-7.73545448	8.96181822	149.04433328	0.112744282418645	0.5
0	-7.73545448	8.96181822	149.51074994	0.035947847833747	0.5
0	-7.73545448	8.96181822	149.9771666	0.00938857205631199	0.5
0	-7.73545448	9.42545459	145.313	0.087307551920576	0.5
0	-7.73545448	9.42545459	145.77941666	0.169235588827924	0.5
0	-7.73545448	9.42545459	146.24583332	0.0569883586625118	0.5
0	-7.73545448	9.42545459	146.71224998	0.00345588598706753	0.5
0	-7.73545448	9.42545459	147.17866664	0.0465729373177107	0.5
0	-7.73545448	9.42545459	147.6450833	0.0177485391284578	0.5
0	-7.73545448	9.42545459	148.11149996	0.113250218915062	0.5
0	-7.73545448	9.42545459	148.57791662	0.0824738044273778	0.5
0	-7.73545448	9.42545459	149.04433328	0.13960854157284	0.5
0	-7.73545448	9.42545459	149.51074994	0.00264447959581102	0.5
0	-7.73545448	9.88909096	145.313	0.049522231066602	0.5
0	-7.73545448	9.88909096	145.77941666	0.103725464102503	0.5
0	-7.73545448	9.88909096	146.24583332	0.0585847937039498	0.5
0	-7.73545448	9.88909096	146.71224998	0.00970542224361174	0.5
0	-7.73545448	9.88909096	147.17866664	0.0772154324158636	0.5
0	-7.73545448	9.88909096	147.6450833	0.0554957846544967	0.5
0	-7.73545448	9.88909096	148.11149996	0.086772107045009	0.5
0	-7.73545448	9.88909096	148.57791662	0.0144308877347546	0.5
0	-7.73545448	9.88909096	149.04433328	0.00078452097914235	0.5
0	-7.73545448	10.35272733	145.77941666	0.0297471326087996	0.5
0	-7.73545448	10.35272733	146.24583332	0.120221769154056	0.5
0	-7.73545448	10.35272733	146.71224998	0.0712850520192552	0.5
0	-7.73545448	10.35272733	147.17866664	0.083591526831872	0.5
0	-7.73545448	10.35272733	147.6450833	0.0655918174568025	0.5
0	-7.73545448	10.35272733	148.11149996	0.0283369916857639	0.5
0	-7.73545448	10.8163637	146.24583332	0.0379775166482063	0.5
0	-7.73545448	10.8163637	146.71224998	0.013486408072365	0.5
0	-7.73545448	10.8163637	147.17866664	2.47278101978378e-05	0.5
0	-7.24636356	6.64363637	146.24583332	0.0180180066854383	0.5
0	-7.24636356	6.64363637	146.71224998	0.0275535706605397	0.5
0	-7.24636356	6.64363637	147.17866664	0.0204311998170037	0.5
0	-7.24636356	6.64363637	147.6450833	0.0198449243786434	0.5
0	-7.24636356	6.64363637	148.11149996	0.00201069460937166	0.5
0	-7.24636356	7.10727274	145.77941666	0.000598099942980208	0.5
0	-7.24636356	7.10727274	146.24583332	0.0200451582976619	0.5
0	-7.24636356	7.10727274	146.71224998	0.0284498427271715	0.5
0	-7.24636356	7.10727274	147.17866664	0.0252909866039175	0.5
0	-7.24636356	7.10727274	147.6450833	0.0695211701467427	0.5
0	-7.24636356	7.10727274	148.11149996	0.0158396537153925	0.5
0	-7.24636356	7.10727274	148.57791662	0.00245862968956791	0.5
0	-7.24636356	7.57090911	145.313	0.000183924986886398	0.5
0	-7.24636356	7.57090911	145.77941666	0.0811692802334421	0.5
0	-7.24636356	7.57090911	146.24583332	0.093676856236436	0.5
0	-7.24636356	7.57090911	146.71224998	0.0917588115917063	0.5
0	-7.24636356	7.57090911	147.17866664	0.101986986934907	0.5
0	-7.24636356	7.57090911	147.6450833	0.0874451730781013	0.5
0	-7.24636356	7.57090911	148.11149996	0.0528639756817041	0.5
0	-7.24636356	7.57090911	148.57791662	0.0219231180832599	0.5
0	-7.24636356	7.57090911	149.04433328	0.0103441358697227	0.5
0	-7.24636356	8.03454548	145.313	0.00100201571349151	0.5
0	-7.24636356	8.03454548	145.77941666	0.281886925140488	0.5
0	-7.24636356	8.03454548	146.24583332	0.055714971625643	0.5
0	-7.24636356	8.03454548	146.71224998	0.0187784344431818	0.5
0	-7.24636356	8.03454548	147.17866664	0.0398307486236065	0.5
0	-7.24636356	8.03454548	147.6450833	0.0441273166985206	0.5
0	-7.24636356	8.03454548	148.11149996	0.0634580549263606	0.5
0	-7.24636356	8.03454548	148.57791662	0.0196417713511497	0.5
0	-7.24636356	8.03454548	149.04433328	0.0110953409369219	0.5
0	-7.24636356	8.49818185	145.313	0.00820804651368484	0.5
0	-7.24636356	8.49818185	145.77941666	0.112361138854818	0.5
0	-7.24636356	8.49818185	146.24583332	0.0775164601891103	0.5
0	-7.24636356	8.49818185	146.71224998	0.00735746484057513	0.5
0	-7.24636356	8.49818185	147.17866664	0.0323930294529282	0.5
0	-7.24636356	8.49818185	147.6450833	0.0416954243503471	0.5
0	-7.24636356	8.49818185	148.11149996	0.100585074513297	0.5
0	-7.24636356	8.49818185	148.57791662	0.146534295653511	0.5
0	-7.24636356	8.49818185	149.04433328	0.0251393410339361	0.5
0	-7.24636356	8.96181822	145.313	0.0644813505175759	0.5
0	-7.24636356	8.96181822	145.77941666	0.106323597563033	0.5
0	-7.24636356	8.96181822	146.24583332	0.00446528408358645	0.5
0	-7.24636356	8.96181822	146.71224998	0.0361721538212046	0.5
0	-7.24636356	8.96181822	147.17866664	0.0843843186183603	0.5
0	-7.24636356	8.96181822	147.6450833	0.0653857030149139	0.5
0	-7.24636356	8.96181822	148.11149996	0.0329270993860976	0.5
0	-7.24636356	8.96181822	148.57791662	0.0917893987718142	0.5
0	-7.24636356	8.96181822	149.04433328	0.0156594304964998	0.5
0	-7.24636356	9.42545459	145.313	0.0218596803563281	0.5
0	-7.24636356	9.42545459	145.77941666	0.149070535553187	0.5
0	-7.24636356	9.42545459	146.24583332	0.0237960223114265	0.5
0	-7.24636356	9.42545459	146.71224998	0.0660146228205616	0.5
0	-7.24636356	9.42545459	147.17866664	0.11939217121723	0.5
0	-7.24636356	9.42545459	147.6450833	0.0512768902485702	0.5
0	-7.24636356	9.42545459	148.11149996	0.0895498925945127	0.5
0	-7.24636356	9.42545459	148.57791662	0.038672137547502	0.5
0	-7.24636356	9.88909096	145.313	0.102027600618038	0.5
0	-7.24636356	9.88909096	145.77941666	0.174788367736217	0.5
0	-7.24636356	9.88909096	146.24583332	0.217185795368887	0.5
0	-7.24636356	9.88909096	146.71224998	0.156184974036736	0.5
0	-7.24636356	9.88909096	147.17866664	0.0997175281662963	0.5
0	-7.24636356	9.88909096	147.6450833	0.118490949357967	0.5
0	-7.24636356	9.88909096	148.11149996	0.00919842809919619	0.5
0	-7.24636356	9.88909096	148.57791662	0.000899994987585461	0.5
0	-7.24636356	10.35272733	145.77941666	0.040934192780125	0.5
0	-7.24636356	10.35272733	146.24583332	0.329344944609009	0.5
0	-7.24636356	10.35272733	146.71224998	0.178027710872133	0.5
0	-7.24636356	10.35272733	147.17866664	0.127229427495707	0.5
0	-7.24636356	10.35272733	147.6450833	0.0236804425381836	0.5
0	-7.24636356	10.35272733	148.11149996	0.00400950125524359	0.5
0	-7.24636356	10.8163637	145.77941666	0.00955147100099423	0.5
0	-7.24636356	10.8163637	146.24583332	0.091861636130091	0.5
0	-7.24636356	10.8163637	146.71224998	0.0636067602349071	0.5
0	-7.24636356	10.8163637	147.17866664	0.0400295652943075	0.5
0	-6.75727264	7.10727274	145.77941666	0.0105243167826955	0.5
0	-6.75727264	7.10727274	146.24583332	0.0145315969771429	0.5
0	-6.75727264	7.10727274	146.71224998	0.0660235916755863	0.5
0	-6.75727264	7.10727274	147.17866664	0.00933634539816103	0.5
0	-6.75727264	7.10727274	147.6450833	0.000505196142818614	0.5
0	-6.75727264	7.57090911	145.313	0.00894410606154982	0.5
0	-6.75727264	7.57090911	145.77941666	0.112112147363083	0.5
0	-6.75727264	7.57090911	146.24583332	0.190591617207511	0.5
0	-6.75727264	7.57090911	146.71224998	0.183732431491846	0.5
0	-6.75727264	7.57090911	147.17866664	0.0816168980192389	0.5
0	-6.75727264	7.57090911	147.6450833	0.0467699771397747	0.5
0	-6.75727264	7.57090911	148.11149996	0.0166635826589477	0.5
0	-6.75727264	8.03454548	145.313	0.00180722428747859	0.5
0	-6.75727264	8.03454548	145.77941666	0.224277071361276	0.5
0	-6.75727264	8.03454548	146.24583332	0.198547858885785	0.5
0	-6.75727264	8.03454548	146.71224998	0.145969659693194	0.5
0	-6.75727264	8.03454548	147.17866664	0.134650372369134	0.5
0	-6.75727264	8.03454548	147.6450833	0.0915236752887473	0.5
0	-6.75727264	8.03454548	148.11149996	0.0833200708966549	0.5
0	-6.75727264	8.03454548	148.57791662	0.000571108766066229	0.5
0	-6.75727264	8.49818185	145.313	0.0305737479782701	0.5
0	-6.75727264	8.49818185	145.77941666	0.0243251424519643	0.5
0	-6.75727264	8.49818185	146.24583332	0.116521016502445	0.5
0	-6.75727264	8.49818185	146.71224998	0.0577417424845873	0.5
0	-6.75727264	8.49818185	147.17866664	0.0952432329217652	0.5
0	-6.75727264	8.49818185	147.6450833	0.126461384672377	0.5
0	-6.75727264	8.49818185	148.11149996	0.0761076095966325	0.5
0	-6.75727264	8.49818185	148.57791662	0.0261652595921868	0.5
0	-6.75727264	8.96181822	145.313	0.102742337982259	0.5
0	-6.75727264	8.96181822	145.77941666	0.201831136719547	0.5
0	-6.75727264	8.96181822	146.24583332	0.050226011197562	0.5
0	-6.75727264	8.96181822	146.71224998	0.0998841500319322	0.5
0	-6.75727264	8.96181822	147.17866664	0.0873793027607736	0.5
0	-6.75727264	8.96181822	147.6450833	0.0527694854095452	0.5
0	-6.75727264	8.96181822	148.11149996	0.0156981615661938	0.5
0	-6.75727264	8.96181822	148.57791662	0.000296099133575135	0.5
0	-6.75727264	9.42545459	145.313	0.167402050258251	0.5
0	-6.75727264	9.42545459	145.77941666	0.341334823069846	0.5
0	-6.75727264	9.42545459	146.24583332	0.114729953076379	0.5
0	-6.75727264	9.42545459	146.71224998	0.128872229825386	0.5
0	-6.75727264	9.42545459	147.17866664	0.103479751319562	0.5
0	-6.75727264	9.42545459	147.6450833	0.0208182778313837	0.5
0	-6.75727264	9.42545459	148.11149996	0.00238032143178143	0.5
0	-6.75727264	9.88909096	145.313	0.100306638101292	0.5
0	-6.75727264	9.88909096	145.77941666	0.357768642277665	0.5
0	-6.75727264	9.88909096	146.24583332	0.244704654022126	0.5
0	-6.75727264	9.88909096	146.71224998	0.139276270877727	0.5
0	-6.75727264	9.88909096	147.17866664	0.0789292875380614	0.5
0	-6.75727264	9.88909096	147.6450833	0.0234246397933397	0.5
0	-6.75727264	10.35272733	145.77941666	0.017683303399929	0.5
0	-6.75727264	10.35272733	146.24583332	0.0480645594425274	0.5
0	-6.75727264	10.35272733	146.71224998	0.0259723657502757	0.5
0	-6.75727264	10.35272733	147.17866664	0.0410414382871422	0.5
0	-6.75727264	10.8163637	145.77941666	0.000822427083397718	0.5
0	-6.75727264	10.8163637	146.24583332	0.0187066201441042	0.5
0	-6.75727264	10.8163637	146.71224998	0.0119501743549843	0.5
0	-6.26818172	7.10727274	145.77941666	0.00202114417159384	0.5
0	-6.26818172	7.10727274	146.71224998	0.00225314983647826	0.5
0	-6.26818172	7.10727274	147.17866664	0.00211444987799475	0.5
0	-6.26818172	7.57090911	145.77941666	0.0933036757167523	0.5
0	-6.26818172	7.57090911	146.24583332	0.0564141615642909	0.5
0	-6.26818172	7.57090911	146.71224998	0.0610435503112775	0.5
0	-6.26818172	7.57090911	147.17866664	0.019454525349549	0.5
0	-6.26818172	7.57090911	147.6450833	0.00397720068537866	0.5
0	-6.26818172	8.03454548	145.77941666	0.185147204913114	0.5
0	-6.26818172	8.03454548	146.24583332	0.15583688092757	0.5
0	-6.26818172	8.03454548	146.71224998	0.101395719397995	0.5
0	-6.26818172	8.03454548	147.17866664	0.106145383875336	0.5
0	-6.26818172	8.03454548	147.6450833	0.0226366920346832	0.5
0	-6.26818172	8.49818185	145.313	5.48707781464424e-05	0.5
0	-6.26818172	8.49818185	145.77941666	0.020476171009887	0.5
0	-6.26818172	8.49818185	146.24583332	0.0933456643422807	0.5
0	-6.26818172	8.49818185	146.71224998	0.0181534702410474	0.5
0	-6.26818172	8.49818185	147.17866664	0.0339971218658731	0.5
0	-6.26818172	8.49818185	147.6450833	0.0203526588766576	0.5
0	-6.26818172	8.96181822	145.313	0.0612863016798236	0.5
0	-6.26818172	8.96181822	145.77941666	0.0882312382233211	0.5
0	-6.26818172	8.96181822	146.24583332	0.140079152626118	0.5
0	-6.26818172	8.96181822	146.71224998	0.0831548451263766	0.5
0	-6.26818172	8.96181822	147.17866664	0.0487869118723357	0.5
0	-6.26818172	8.96181822	147.6450833	0.0161352028720086	0.5
0	-6.26818172	9.42545459	145.313	0.114768176475034	0.5
0	-6.26818172	9.42545459	145.77941666	0.328152784938402	0.5
0	-6.26818172	9.42545459	146.24583332	0.113743379023661	0.5
0	-6.26818172	9.42545459	146.71224998	0.0992711584051374	0.5
0	-6.26818172	9.42545459	147.17866664	0.085093556212991	0.5
0	-6.26818172	9.42545459	147.6450833	1.29033055779992e-05	0.5
0	-6.26818172	9.88909096	145.313	0.00443124897100449	0.5
0	-6.26818172	9.88909096	145.77941666	0.208106754575727	0.5
0	-6.26818172	9.88909096	146.24583332	0.150214699157636	0.5
0	-6.26818172	9.88909096	146.71224998	0.0779528457531663	0.5
0	-6.26818172	9.88909096	147.17866664	0.00635612602180247	0.5
0	-6.26818172	10.35272733	145.77941666	0.00321095586364515	0.5
0	-6.26818172	10.35272733	146.24583332	0.0259796846744233	0.5
0	-5.7790908	7.57090911	145.77941666	0.00162368005387154	0.5
0	-5.7790908	7.57090911	146.24583332	0.0322109447735586	0.5
0	-5.7790908	7.57090911	146.71224998	0.00135457209721038	0.5
0	-5.7790908	7.57090911	147.17866664	0.00133221341852851	0.5
0	-5.7790908	8.03454548	145.77941666	0.0512102584246838	0.5
0	-5.7790908	8.03454548	146.24583332	0.0783392680257874	0.5
0	-5.7790908	8.03454548	146.71224998	0.00985180072656216	0.5
0	-5.7790908	8.03454548	147.17866664	0.0083412043966578	0.5
0	-5.7790908	8.49818185	145.77941666	0.0321251906738648	0.5
0	-5.7790908	8.49818185	146.24583332	0.0529420935628509	0.5
0	-5.7790908	8.49818185	146.71224998	0.000163702757160878	0.5
0	-5.7790908	8.96181822	145.77941666	0.00836631296013499	0.5
0	-5.7790908	8.96181822	146.24583332	0.0101411097599889	0.5
0	-5.7790908	8.96181822	146.71224998	0.0029624297370289	0.5
0	-5.7790908	9.42545459	145.77941666	0.0442301412369053	0.5
0	-5.7790908	9.42545459	146.24583332	0.00878937215941365	0.5
0	-5.7790908	9.42545459	147.17866664	0.00423634559789681	0.5
0	-5.7790908	9.88909096	145.77941666	0.000817054231566879	0.5
0	-5.7790908	9.88909096	146.71224998	0.000628729429007983	0.5
